
# Standard atomic weights (IUPAC), for oxide stoichiometry.
.xrf_atomic_mass <- c(
  H = 1.008, He = 4.0026, Li = 6.94, Be = 9.0122, B = 10.81, C = 12.011, N = 14.007, O = 15.999,
  F = 18.998, Ne = 20.180, Na = 22.990, Mg = 24.305, Al = 26.982, Si = 28.085, P = 30.974,
  S = 32.06, Cl = 35.45, Ar = 39.948, K = 39.098, Ca = 40.078, Sc = 44.956, Ti = 47.867,
  V = 50.942, Cr = 51.996, Mn = 54.938, Fe = 55.845, Co = 58.933, Ni = 58.693, Cu = 63.546,
  Zn = 65.38, Ga = 69.723, Ge = 72.630, As = 74.922, Se = 78.971, Br = 79.904, Kr = 83.798,
  Rb = 85.468, Sr = 87.62, Y = 88.906, Zr = 91.224, Nb = 92.906, Mo = 95.95, Tc = 98, Ru = 101.07,
  Rh = 102.91, Pd = 106.42, Ag = 107.87, Cd = 112.41, In = 114.82, Sn = 118.71, Sb = 121.76,
  Te = 127.60, I = 126.90, Xe = 131.29, Cs = 132.91, Ba = 137.33, La = 138.91, Ce = 140.12,
  Pr = 140.91, Nd = 144.24, Pm = 145, Sm = 150.36, Eu = 151.96, Gd = 157.25, Tb = 158.93,
  Dy = 162.50, Ho = 164.93, Er = 167.26, Tm = 168.93, Yb = 173.05, Lu = 174.97, Hf = 178.49,
  Ta = 180.95, W = 183.84, Re = 186.21, Os = 190.23, Ir = 192.22, Pt = 195.08, Au = 196.97,
  Hg = 200.59, Tl = 204.38, Pb = 207.2, Bi = 208.98, Po = 209, At = 210, Rn = 222, Fr = 223,
  Ra = 226, Ac = 227, Th = 232.04, Pa = 231.04, U = 238.03
)

# Default oxygen atoms per cation atom for common rock-forming / geological oxides (valence / 2).
# Elements absent here contribute as the metal (0 oxygen) unless overridden.
.xrf_oxide_o_per_cation <- c(
  Na = 0.5, Mg = 1, Al = 1.5, Si = 2, P = 2.5, K = 0.5, Ca = 1, Ti = 2, Cr = 1.5, Mn = 1,
  Fe = 1.5, Ni = 1, Cu = 1, Zn = 1, Ba = 1, Sr = 1, Zr = 2, V = 2.5, Pb = 1, Rb = 0.5,
  La = 1.5, Ce = 2, Nd = 1.5, Y = 1.5, S = 3, Co = 1, Sn = 2, W = 3, Nb = 2.5, Th = 2, U = 3
)

# Representative (approximate, tunable) generic-matrix compositions (mass fractions) for the
# "generalized" self-absorption depth correction in xrf_observed_mass(). These are stand-ins for a
# matrix whose true composition is unknown -- deliberately generic; supply your own named vector for
# anything specific. Fractions need not sum to 1 (they are renormalized).
.xrf_generic_matrix <- list(
  silicate  = c(O = 0.47, Si = 0.29, Al = 0.08, Fe = 0.05, Ca = 0.03, K = 0.026, Na = 0.023,
                Mg = 0.015, Ti = 0.004),
  basalt    = c(O = 0.44, Si = 0.23, Al = 0.08, Fe = 0.09, Ca = 0.07, Mg = 0.045, Na = 0.02,
                Ti = 0.01, K = 0.008),
  soil      = c(O = 0.48, Si = 0.30, Al = 0.07, Fe = 0.04, C = 0.03, Ca = 0.02, K = 0.02, Mg = 0.01),
  carbonate = c(Ca = 0.40, O = 0.48, C = 0.12),
  sulfide   = c(Fe = 0.4655, S = 0.5345),
  cement    = c(Ca = 0.45, O = 0.42, Si = 0.10, Al = 0.03, Fe = 0.02),
  organic   = c(C = 0.50, O = 0.40, N = 0.03, H = 0.07)
)

# Resolve a matrix argument (a built-in name or a named composition vector) to a normalized
# mass-fraction vector.
.xrf_resolve_matrix <- function(matrix) {
  comp <- if (is.character(matrix) && length(matrix) == 1) {
    m <- .xrf_generic_matrix[[matrix]]
    if (is.null(m)) stop("Unknown generic matrix '", matrix, "'. Built-ins: ",
                         paste(names(.xrf_generic_matrix), collapse = ", "),
                         "; or pass a named composition vector.")
    m
  } else if (is.numeric(matrix) && !is.null(names(matrix))) {
    matrix
  } else {
    stop("`matrix` must be a built-in name or a named vector of mass fractions.")
  }
  comp[!is.finite(comp) | comp < 0] <- 0
  comp / sum(comp)
}

# Total mass attenuation (cm^2/g) of a composition (named mass fractions) at given energies.
.xrf_matrix_total_mu <- function(comp, energy_kev) {
  mu <- rep(0, length(energy_kev))
  for (el in names(comp)) {
    if (!(el %in% all_elements)) next
    m <- .xrf_element_total_mu(el, energy_kev)
    m[!is.finite(m)] <- 0
    mu <- mu + comp[[el]] * m
  }
  mu
}

# Warn if a calibration vector was fitted with different settings than are in use. Every stamped setting
# is compared, because the per-element sensitivity S_i (hence the absolute calibration scale) depends not
# only on self_absorption/matrix/normalization but also on beam_energy_kev, detector_type, efficiency,
# excitation(_weighting), coster_kronig and the tube -- a mismatch in any of those silently corrupts the
# absolute values. `current` is a named list of the settings in use.
.xrf_check_calibration_settings <- function(calibration, current) {
  st <- attr(calibration, "settings")
  if (is.null(st)) return(invisible())
  bad <- character(0)
  for (k in intersect(names(st), names(current))) {
    # `matrix` only affects the result under generalized self-absorption
    if (k == "matrix" && !identical(current$self_absorption, "generalized")) next
    same <- isTRUE(tryCatch(all.equal(st[[k]], current[[k]]), error = function(e) FALSE)) ||
      identical(st[[k]], current[[k]])
    if (!same) bad <- c(bad, k)
  }
  if (length(bad) > 0) {
    warning("calibration was fitted with different ", paste(bad, collapse = ", "),
            " settings than used here; the absolute values will be wrong -- match them.", call. = FALSE)
  }
  invisible()
}

# Compact, comparable snapshot of the settings that determine the FP sensitivity scale (stamped on a
# calibration vector and rebuilt on the unknowns for .xrf_check_calibration_settings).
.xrf_calibration_settings <- function(self_absorption, matrix, normalization, beam_energy_kev,
                                      detector_type, efficiency, excitation, excitation_weighting,
                                      coster_kronig, tube) {
  list(self_absorption = self_absorption, matrix = matrix, normalization = normalization,
       beam_energy_kev = beam_energy_kev, detector_type = detector_type, efficiency = efficiency,
       excitation = excitation, excitation_weighting = excitation_weighting, coster_kronig = coster_kronig,
       tube = if (is.null(tube)) NULL else list(anode = tube$anode, kv = tube$kv))
}

# Resolve a sensitivity relative-uncertainty spec (a scalar applied to all elements, or a named per-element
# numeric vector) to a per-element vector aligned with `elements`. Unnamed / missing entries and non-finite or
# negative values become 0 (no systematic contribution). Used to fold the FP-sensitivity SYSTEMATIC error into
# concentration_se / observed_mass_se, in quadrature with the statistical peak-area error.
.xrf_resolve_rel_se <- function(x, elements) {
  if (is.null(x)) return(rep(0, length(elements)))
  v <- if (!is.null(names(x))) suppressWarnings(as.numeric(x[elements]))
       else rep(suppressWarnings(as.numeric(x))[1], length(elements))
  v[!is.finite(v) | v < 0] <- 0
  v
}

#' Compton-normalize deconvolution peak areas
#'
#' Divide each element's net peak area by the fitted Compton (incoherent) scatter area. The Compton
#' peak scales with the average matrix scattering power, so the ratio cancels much of the matrix
#' (absorption) effect for mid-Z analytes -- the standard, robust normalizer for handheld/portable
#' XRF. Requires a deconvolution run with scatter templates (supply a \code{tube} to
#' \link{xrf_deconvolute_gaussian_least_squares}); by default it normalizes to the Compton area, or
#' set \code{by = "rayleigh"} or \code{by = "scatter"} (Compton + Rayleigh).
#'
#' @param object A \code{deconvolution_fit} (from \link{xrf_deconvolute_gaussian_least_squares}) or
#'   its \code{peaks} data frame.
#' @param by Which scatter component to normalize by: "compton" (default), "rayleigh", or "scatter".
#'
#' @return The peaks data frame with added columns \code{peak_area_norm} and \code{peak_area_norm_se}.
#' @export
#'
